1 2 3 20 29
1 2 3 20 33
1 2 3 72 156
1 2 3 72 405
1 2 577 594 771
1 2 990 1014 1015
1 2 1031 1166 1170
1 1220 1268 1353 1354
1 1220 1268 1353 1359
1 1220 1268 1353 1386
1 1220 1268 1353 1404
1 1908 2163 2165
1 2257 2305 2324
1 2257 2349 2350 2352
1 2257 2349 2355
1 2257 2416 2437 2442
1 2257 2461 2464 2466
1 2257 2519 2531 2535
1 2945 2946 2952 2954
1 2945 2987 2989 2992
1 3095 3112 3115 3116
1 3202 3205
1 3261 4868 4876 4877
1 3261 4868 5065 5066
1 3261 4868 5139 5142
1 3261 4868 5139 5249
1 3261 4868 5258 5259
1 3261 5690 5696 5697
1 3261 5690 5696 5795
1 3261 5690 5823 5897
1 3261 5690 5823 5926
1 3261 5690 5999 6000
1 3261 5690 5999 6161
1 3261 5690 5999 6190
1 3261 5690 6282 6283
1 3261 5690 6326 6327
1 6391 6392
1 6394 6441 6442 6443
1 6394 6441 6449 6450
1 6394 6441 6689 6690
1 6394 6705 6717
1 6394 6801 6823 6828
1 6394 6858 9160 9173
1 6394 6858 9299 9309
1 6394 6858 9299 9312
1 6394 6858 10329 10330
1 6394 6858 10437 10486
1 11131 11155 11855
1 11131 14305 14308 14309
1 11131 14348 14352 14409
1 11131 14348 14352 14605
1 11131 15293 15328 15335
1 11131 15293 15328 15358
1 11131 15293 15405 15406
1 11131 15293 15405 15418
1 11131 15293 15429 15432
1 11131 15293 15429 15436
1 11131 15293 15429 15440
1 11131 15293 15429 15459
1 11131 15293 15429 15510
1 11131 15293 15536 15537
1 11131 15293 15536 15540
1 11131 15293 15536 15612
1 11131 15647 15666
1 11131 15675 15690 15694
1 11131 15819 15842 15850
1 11131 15819 15891 15894
1 11131 15898 15899 15900
1 11131 15898 15922 15923
1 11131 15898 15922 15960
1 11131 15898 15963 15965
1 11131 15898 16054 16059
1 11131 15898 16076 16090
1 11131 15898 16076 16118
1 11131 15898 16076 16139
1 11131 15898 16076 16277
1 11131 15898 16280 16283
1 11131 15898 16289 16290
1 11131 15898 16289 16300
1 11131 15898 16614 16623
1 11131 15898 16628 16629
1 11131 15898 16653 16655
1 11131 15898 16777 16778
1 11131 15898 16777 16851
1 11131 15898 16777 16910
1 11131 15898 16933 16938
1 11131 15898 16982 17046
1 11131 15898 16982 17109
1 11131 15898 17157 17158
1 11131 15898 17157 17219
1 11131 15898 17157 17363
1 11131 17460 17462 17465
1 11131 17475 17476 17477
1 11131 17475 17476 17502
1 11131 17475 17524 17525
1 11131 17475 17524 17570
1 11131 17597 17598
1 17606 17624 17634 17652
1 17606 17683 17684
1 17606 17685 17686 17691
1 18983 19731 19756 19766
1 18983 19731 19781 19782
1 18983 19790 19792 19799
1 18983 19790 19792 19832
1 18983 19790 19867 19870
1 18983 19790 19945 19949
1 18983 19790 19954 19956
1 18983 19790 19979 19983
1 18983 19996 19999 20026
1 18983 19996 19999 20028
1 18983 20071 20084
1 18983 20090 20094 20098
1 18983 20113 20116 20127
1 18983 20113 20116 20129
1 18983 20113 20172 20173
1 18983 20113 20353 20355
1 18983 20113 20353 20367
1 20419 20457 20500 20505
1 20419 20457 20500 20516
1 20419 20530 20548
1 20559 20561 20562 20563
1 20559 20657 20662 20670
1 20725 20768 20769 20770
1 20725 20768 20810 20811
1 20725 20768 20866 20868
1 20725 20768 20893 20894
1 20725 20768 20934 20936
1 20725 21018 21019 21051
1 20725 21018 21117 21121
1 20725 21018 21290 21306
1 20725 21018 21506 21518
1 20725 21018 21506 21541
1 20725 21018 21768 21931
1 20725 21018 21768 21993
1 22166 22246 22253 22266
1 22166 22246 22271 22278
1 22166 22246 22318 22319
1 22166 22379 22398 22399
1 22166 22379 22398 22400
1 22166 22379 22398 22405
1 22166 22379 22398 22408
1 22166 22379 22398 22414
1 22166 22379 22398 22418
1 22166 22379 22398 22426
1 22166 22379 22398 22427
1 22166 22445
1 22166 22458 22464 22466
1 22166 22458 22470
1 22166 22480 22497 22501
1 22544 22576 22587 22589
1 22544 22601 22606
1 22544 22607
22639 22640 22641
22639 22640 22650 22654
22639 22640 22650 22655 22674
22639 22772 22822 22833 22835
22639 22772 22874 22879 22880
22639 22772 22874 22952 22953
22639 22772 22874 22952 22961
22639 22772 22874 22952 23021
22639 22772 22874 23134 23136
22639 22772 22874 23134 23209
22639 22772 23230
22639 23237 23323 23376 23379
22639 23237 23323 23380 23383
22639 23237 23385 23389
22639 23237 23385 23394
22639 23237 23406 23414 23447
22639 23237 23406 23414 23512
22639 23237 23406 23414 23562
22639 23237 23406 23630 23631
22639 23237 23406 23630 23639
22639 23237 23406 23630 23654
22639 23237 23666 23690
22639 23237 23666 23724 23725
22639 23237 23666 23738 23742
22639 23826 23840 23854
22639 23826 23840 23857
22639 23864 23866 23867 23868
22639 23864 23899 23904 23906
22639 23864 23899 23904 23909
22639 23864 23899 23912 23918
22639 23864 23899 23912 23932
22639 23864 23936 23938 23942
22639 23864 23979 23981 23982
22639 23864 23986 23987 23989
22639 23864 23986 23996
22639 23864 24012 24020 24030
22639 23864 24089 24092
22639 23864 24094 24095
22639 23864 24094 24116 24117
22639 23864 24094 24118 24121
22639 23864 24094 24118 24164
22639 23864 24094 24203 24204
22639 23864 24094 24203 24212
22639 23864 24094 24203 24224
22639 23864 24227 24235
22639 23864 24249 24253
22639 23864 24249 24254 24257
22639 23864 24249 24254 24268
22639 23864 24249 24254 24300
22639 23864 24249 24314 24325
22639 23864 24249 24314 24339
22639 24348 24370 24382
22639 24348 24385 24386
22639 24348 24411 24421 24433
22639 24348 24411 24441 24450
22639 24484 24563 24565 24574
22639 24484 24563 24565 24616
22639 24484 24674 24676 24678
22639 24484 24674 24676 24687
22639 24484 24674 24691 24696
22639 24484 24674 24718 24720
22639 24484 24674 24718 24721
22639 24484 24674 24756 24758
22639 24484 24674 24808 24812
22639 24484 24674 24836 24841
22639 24484 24674 24851 24852
22639 24484 24674 24851 24861
22639 24484 24674 24913 24928
22639 24484 24674 24953 24958
22639 24484 24674 24953 24966
22639 24484 25001 25020
22639 24484 25001 25026
22639 25064 25068 25074 25075
22639 25064 25089 25090 25093
22639 25064 25089 25112 25113
22639 25064 25196 25197 25198
22639 25064 25196 25197 25207
22639 25064 25221 25226
22639 25064 25228 25243 25246
22639 25064 25308 25324 25325
22639 25402 25405
22639 25445 25456
22639 25457 25519 25529
22639 25457 25530 25531
22639 25457 25558 25564
22639 25457 25558 25571
22639 25457 25574 25575
22639 25457 25586 25589 25590
22639 25457 25586 25589 25598
22639 25457 25586 25589 25605
22639 25457 25586 25589 25609
22639 25457 25617
22639 25457 25618 25632
22639 25646 25647 25649
22639 25646 25662 25665 25666
22639 25677 25678
22639 25677 25686 25698 25699
22639 25677 25786 25793
22639 25677 25800 25814 25825
22639 25832 25835 25837 25838
22639 25832 25835 25837 25877
22639 25832 25835 25992 25993
22639 25832 25835 25992 25994
22639 25832 25835 26054
22639 25832 26070 26080
22639 25832 26107 26125 26170
22639 25832 26107 26125 26202
22639 25832 26107 26125 26256
22639 25832 26107 26125 26263
22639 25832 26107 26270 26273
22639 25832 26107 26293 26298
22639 25832 26334
22639 25832 26355 26360 26363
22639 25832 26421 26457 26458
22639 26464 26524 26526
22639 26622 26644 26646 26649
22639 26622 26644 26646 26651
22639 26622 26661 26663 26665
22639 26622 26674 26688 26693
22639 26622 26674 26756 26762
22639 26796 26800
22639 26796 26811 26816
22639 26796 26811 26820 26829
22639 26796 26811 26820 26835
22639 26796 26866 26870
22639 26909 26912 26913
22639 26909 26912 26920
22639 26909 26921
22639 26909 26922 26924 26927
22639 26909 26922 26937 26939
22639 26909 26922 26937 26983
22639 26909 26922 26992
22639 26909 26922 27017
22639 26909 27027 27030 27033
22639 26909 27027 27051
22639 26909 27027 27063 27064
22639 26909 27076 27082
22639 26909 27089 27091
22639 26909 27089 27092
22639 26909 27089 27094 27095
22639 26909 27089 27105 27107
22639 26909 27089 27105 27109
22639 26909 27112 27129
22639 26909 27112 27130 27132
22639 26909 27112 27130 27144
22639 26909 27112 27130 27151
22639 26909 27112 27184 27185
22639 26909 27112 27184 27189
22639 26909 27112 27197
22639 26909 27200 27206 27211
22639 26909 27200 27216 27217
22639 26909 27200 27216 27220
22639 26909 27200 27216 27228
22639 26909 27200 27240
22639 26909 27200 27241
22639 26909 27200 27254 27257
22639 26909 27200 27269 27271
22639 26909 27284 27298 27304
22639 26909 27284 27298 27321
22639 26909 27358 27383
22639 26909 27358 27384 27388
22639 26909 27358 27405 27407
22639 27413 27422 27433 27440
22639 27446 27457 27462
22639 27446 27475 27476 27478
22639 27493 27503 27516
22639 27493 27553 27554
22639 27493 27562 27565 27571
22639 27493 27614 27622 27629
22639 27493 27614 27637 27638
22639 27644 27647
22639 27648 27664 27668
22639 27648 27727 27728
22639 27648 27729 27733
22639 27752 27753 27754 27756
22639 27752 27753 27772 27775
22639 27752 27753 27778 27796
22639 27752 27753 27778 27810
22639 27752 27828 27832 27835
22639 27752 27828 27840
22639 27752 27888 27889
22639 27752 27888 27891
22639 27901 27903
22639 27901 27925
22639 27926 28002
22639 28015 28016 28020
22639 28015 28025 28035 28036
22639 28015 28025 28035 28040
22639 28015 28025 28045 28051
22639 28015 28025 28067 28068
22639 28015 28025 28067 28073
22639 28015 28025 28067 28122
22639 28015 28025 28067 28128
22639 28015 28138 28143 28149
22639 28015 28138 28143 28151
22639 28015 28138 28143 28155
22639 28015 28138 28143 28168
22639 28218 28223 28225 28227
22639 28218 28303 28305
22639 28218 28314 28316
22639 28360 28384 28393
22639 28395 28397 28398
22639 28424 28460 28462
22639 28424 28470 28471 28478
22639 28424 28470 28483 28485
22639 28424 28470 28483 28496
22639 28424 28470 28483 28497
22639 28424 28539 28546 28551
22639 28424 28539 28546 28571
22639 28424 28539 28615 28616
22639 28642 28803 28839 28870
22639 28642 28803 28839 28885
22639 28642 28803 28891 28900
22639 28938 28941 28943 28944
22639 28938 28941 28943 28953
22639 28938 28941 28943 28960
22639 28938 28941 28963 28964
22639 28938 28941 29054
22639 28938 28941 29056 29059
22639 28938 29118 29121 29124
22639 28938 29320 29345 29346
22639 28938 29320 29355 29356
22639 28938 29372 29374 29376
29435 29459 29525 29532
29435 29645 29660 29662
29435 29671 29672 29697 29699
29435 29671 29764
29435 29780 29801
29435 29780 29804 29805 29809
29435 30104 30121 30122 30128
29435 30104 30121 30122 30129
29435 30272 30297 30300
29435 30272 30313 30319
29435 30272 30346 30373 30380
29435 30272 30410 30412
29435 30272 30410 30415 30418
29435 30272 30410 30415 30421
29435 30272 30410 30423
29435 30272 30429 30433 30434
29435 30272 30429 30442
29435 30272 30429 30444 30453
29435 30272 30473
29435 30272 30476
29435 30531 30826 30869 30876
29435 30531 30826 30869 30884
29435 30531 31114 31117 31136
29435 30531 31114 31151 31158
29435 30531 31114 31151 31159
29435 30531 31114 31151 31161
29435 30531 31114 31151 31162
29435 30531 31114 31214 31234
29435 30531 31114 31214 31250
29435 31294 31312 31313 31317
29435 31294 31381 31382
29435 31294 31384 31390 31398
29435 31477 31499 31502 31511
29435 31477 31499 31576 31588
29435 31477 31670 31671 31704
29435 31477 31768 31808 31814
29435 31477 31768 31849 31860
29435 31477 31768 31849 31873
29435 31477 31768 32057 32075
29435 31477 31768 32057 32163
29435 31477 31768 32057 32202
29435 31477 31768 32057 32206
29435 31477 31768 32292 32304
29435 31477 31768 32394 32407
29435 31477 31768 32394 32419
29435 31477 31768 32450 32456
29435 31477 31768 32562 32582
29435 32698 32751 32752 32758
29435 32698 32793 32813
29435 32835 32838 32845
29435 32835 32838 32850
29435 32835 32838 32858
29435 32835 32838 32859
29435 32835 32838 32860 32866
29435 32835 32893 32895 32896
29435 32835 32893 32911 32916
29435 32835 32938 32945 32947
29435 32835 32964 32986 32991
29435 32835 32964 33019 33020
29435 32835 33080 33088 33111
29435 32835 33080 33136 33140
29435 32835 33166 33167
29435 32835 33171 33172
29435 32835 33179 33184
29435 32835 33179 33201 33202
29435 32835 33233 33238 33243
29435 32835 33248 33257
29435 32835 33272 33289 33297
29435 32835 33398 33399 33424
29435 32835 33398 33399 33430
29435 32835 33398 33453
29435 32835 33398 33457
29435 32835 33398 33463 33484
29435 32835 33512 33514 33515
29435 32835 33549 33554
29435 32835 33556 33587
29435 32835 33611 33630 33656
29435 32835 33611 33630 33687
29435 32835 33611 33630 33697
29435 32835 33611 33728 33735
29435 32835 33611 33728 33768
29435 32835 33611 33728 33789
29435 32835 33611 33821 33822
29435 32835 33611 33821 33826
29435 32835 33611 33821 33839
29435 32835 33611 33850
29435 32835 33868 33873
29435 32835 33868 33874
29435 32835 33911 33912
29435 32835 33911 33915
29435 32835 33916 33928 33929
29435 32835 33916 33994 34034
29435 32835 33916 33994 34110
29435 32835 33916 33994 34121
29435 32835 33916 33994 34183
29435 32835 33916 34271 34272
29435 32835 33916 34297 34299
29435 32835 33916 34347 34370
29435 32835 33916 34389 34398
29435 32835 33916 34389 34431
29435 32835 33916 34389 34464
29435 32835 33916 34516 34517
29435 32835 34556 34575
29435 32835 34556 34580 34581
29435 32835 34556 34580 34592
29435 32835 34556 34580 34594
29435 32835 34556 34580 34609
29435 32835 34556 34580 34618
29435 32835 34556 34580 34650
29435 32835 34556 34580 34658
29435 32835 34556 34580 34663
29435 32835 34556 34580 34667
29435 32835 34556 34580 34679
29435 32835 34716
29435 34790 34839 34844 34893
29435 34790 34839 34844 34911
29435 34790 34973 34992 35015
35195 35196 35200 35206 35210
35195 35196 35200 35293 35303
35195 35196 35200 35350
35195 35196 35200 35351
35195 35196 35200 35396 35406
35195 35196 35200 35396 35419
35195 35196 35200 35396 35433
35195 35196 35200 35396 35455
35195 35466 35467 35505 35507
35195 35466 35467 35527
35195 35466 35663 35665 35667
35195 35466 35663 35693
35195 35466 35696 35708
35195 35466 35718 35720
35195 35466 35727 35728 35731
35195 35466 35774 35776 35786
35195 35825 35900 35902 35904
35195 35825 35986 35998 36008
35195 36129 36158 36198 36202
35195 36129 36158 36214 36215
35195 36129 36249 36252 36273
35195 36129 36298 36300 36301
35195 36129 36298 36310 36314
35195 36129 36332 36343 36364
35195 36129 36467 36469 36471
35195 36129 36608 36620 36621
35195 36129 36797 36816 36817
35195 36129 36855 36933 36940
35195 36129 36855 37050 37051
35195 37176 37177
35195 37211 37220 37223 37225
35195 37336 37343 37363
35195 37336 37392 37400 37401
35195 37336 37392 37433 37443
35195 37336 37542 37554 37555
35195 37336 37542 37609 37610
35195 37336 37542 37688 37690
35195 37336 37829 37838 37852
35195 37336 37829 37913 37916
35195 37978 37979 37983 37993
35195 37978 37994 38012 38015
35195 37978 37994 38022
35195 37978 38026 38029 38051
35195 37978 38026 38055 38056
35195 37978 38026 38055 38065
35195 37978 38026 38055 38068
35195 37978 38026 38087 38098
35195 37978 38026 38116 38125
35195 37978 38026 38132 38133
35195 37978 38026 38190
35195 37978 38026 38206 38208
35195 37978 38232 38233
35195 38239 38241 38244
35195 38239 38300 38303 38305
35195 38408 38411
35195 38436 38740 38741
35195 38436 38740 38743 38749
35195 38825 38835 38839 38847
35195 38825 38835 38904 38905
35195 38825 38835 38904 38946
35195 38825 38835 38904 38950
35195 38825 38986
35195 38997 39099 39100 39105
35195 38997 39159 39161 39170
35195 39220 39221 39222 39224
35195 39341 39344
39348 39351 39401 39402 39403
39348 39617 39620 39647
39348 39617 39654 39663
39348 39617 39713 39722
39348 39617 39750 39802 39803
39348 39617 39864 39866 39868
39348 39617 39945 39946
39348 39617 39974 39976
39348 39617 39991 39992
39348 39617 39996 40003
39348 39617 39996 40007 40008
39348 39617 39996 40017 40020
39348 39617 39996 40017 40027
39348 39617 39996 40042 40044
39348 39617 39996 40042 40048
39348 39617 39996 40042 40050
39348 39617 39996 40042 40065
39348 39617 39996 40042 40067
39348 39617 39996 40042 40069
39348 39617 39996 40042 40072
39348 39617 39996 40042 40076
39348 39617 39996 40042 40078
39348 39617 39996 40042 40082
39348 39617 39996 40042 40084
39348 39617 39996 40086
39348 39617 39996 40087 40089
39348 39617 39996 40099 40100
39348 39617 39996 40108 40109
39348 39617 39996 40112 40128
39348 39617 39996 40112 40132
39348 39617 40158 40227 40261
39348 39617 40158 40285 40294
39348 40354 40355 40356
39348 40354 40355 40361 40363
39348 40354 40405 40439 40441
39348 40354 40565 40575 40576
39348 40597 40598 40615 40620
39348 40597 40598 40644 40645
39348 40597 40650 40658 40659
40910 41032 41042 41057 41061
40910 41032 41042 41057 41063
40910 41076 41093 41094 41096
40910 41076 41093 41117 41138
40910 41076 41093 41117 41150
40910 41076 41093 41117 41162
41212 41272 41285 41296 41297
41212 41272 41362 41431 41435
41212 41896 42004 42007 42014
41212 41896 42056 42059 42060
41212 41896 42056 42059 42107
41212 41896 42056 42059 42114
41212 41896 42127 42132 42135
41212 42445 42455 42456 42459
41212 42445 42473 42484 42486
41212 42445 42512 42515 42516
41212 42445 42619 42620 42621
41212 42445 42619 42635 42640
41212 42445 42619 42692
41212 42789 42792 42797 42799
41212 42789 42809 42812 42814
41212 42789 42820 42821 42824
41212 42789 42856 42861 42863
41212 42789 42865
41212 42870 42957 42958 42961
41212 42870 43110 43120 43121
41212 42870 43126 43198 43207
41212 43271 43297 43298 43299
41212 43271 43297 43298 43361
41212 43271 43297 43298 43369
41212 43271 43297 43385 43393
41212 43271 43297 43407 43409
41212 43271 43297 43407 43422
41212 43271 43297 43407 43436
41212 43271 43297 43407 43451
41212 43271 43297 43407 43509
41212 43271 43297 43407 43527
41212 43271 43297 43407 43531
41212 43603 43643
41212 43603 43655 43659
41212 43603 43655 43660
41212 43692 43776
41212 43852 43853 43855 43862
41212 43852 43853 43883 43891
41212 44012 44024 44028
41212 44012 44040 44042 44045
41212 44101 44123 44146 44154
41212 44101 44220 44234
41212 44249 44250 44251 44268
41212 44249 44250 44342 44347
41212 44249 44250 44342 44351
41212 44249 44250 44342 44382
41212 44249 44429
41212 44249 44438 44440 44441
41212 44249 44438 44476 44481
41212 44249 44438 44476 44488
41212 44249 44438 44498 44502
41212 44249 44438 44498 44512
41212 44249 44555 44565 44575
41212 44249 44629 44663 44669
41212 44249 44629 44697 44698
41212 44249 44629 44697 44713
41212 44249 44629 44780 44783
41212 44249 44629 44784 44790
41212 44249 44824 44830
41212 44249 44878 44884 44886
41212 44249 44878 44887
41212 44249 44878 44889 44890
41212 44249 44878 44889 44894
41212 44249 44878 44889 44904
41212 44249 44878 44889 44925
41212 44249 44878 44889 44952
41212 44249 44878 44889 45003
41212 44249 44878 45019 45021
41212 44249 45025 45053 45054
41212 44249 45069 45110 45118
41212 44249 45141 45149
41212 44249 45154 45176
41212 45184 45188 45203 45214
41212 45184 45188 45203 45273
41212 45184 45279 45291 45337
41212 45184 45279 45291 45342
41212 45184 45279 45291 45387
41212 45184 45279 45291 45454
41212 45184 45279 45291 45476
41212 45184 45279 45291 45516
41212 45184 45279 45555 45558
41212 45184 45611 45612 45617
41212 45184 45611 45646 45647
41212 45184 45611 45646 45654
41212 45184 45611 45646 45849
41212 45184 45611 45646 45951
41212 45184 45611 45646 45983
41212 45184 45611 45646 46083
41212 45184 45611 45646 46168
41212 45184 45611 45646 46197
41212 45184 45611 45646 46382
41212 45184 45611 45646 46504
41212 45184 45611 45646 46600
41212 45184 45611 46667 46670
41212 45184 46788 46791 46794
41212 45184 46788 46816 46821
41212 45184 46927 46949 46950
41212 47016 47017 47019 47038
41212 47016 47017 47019 47046
41212 47016 47017 47019 47060
41212 47016 47017 47075 47080
41212 47016 47017 47135 47142
41212 47309 47413 47415 47418
41212 47309 47413 47415 47464
41212 47309 47413 47415 47494
41212 47309 47413 47562 47566
41212 47309 47413 47679 47682
41212 47309 47413 47679 47712
41212 47946 47951 47952 47954
41212 47946 47956 47957
41212 47946 47976
41212 47978 47986 48000 48004
41212 47978 47986 48000 48008
41212 47978 47986 48023 48024
41212 47978 48053 48073 48084
41212 47978 48053 48073 48098
41212 47978 48053 48133 48135
41212 47978 48053 48138 48144
41212 47978 48053 48182 48183
41212 47978 48053 48185 48187
41212 47978 48053 48185 48188
41212 47978 48053 48213
41212 47978 48246 48247 48248
41212 47978 48273 48299
48356 48361 48372 48376 48378
48356 48533 48536 48577 48587
48356 48533 48536 48577 48677
48356 48533 48536 48577 48713
48356 48533 48536 48758 48934
48356 48533 48536 49314 49315
48356 48533 48536 49314 49316
48356 48533 48536 49314 49552
48356 48533 48536 52682 52683
48356 48533 52754 52761 52764
48356 48533 52754 52766 52768
48356 48533 52792 52797 52800
48356 48533 52807 52826 52828
48356 48533 52807 52826 52831
48356 48533 52807 52826 52833
48356 48533 52865 52898 52900
48356 48533 52916 52918 52919
48356 48533 52916 52958 52978
48356 48533 52916 53095 53096
48356 48533 53129 53135 53145
48356 48533 53171 53175
48356 48533 53171 53177
48356 48533 53171 53183
48356 48533 53171 53198 53199
48356 48533 53171 53203 53212
48356 48533 53223 53230 53232
48356 48533 53223 53242
48356 53549 53562 53563 53566
48356 53549 53562 53621 53622
48356 53549 53562 53666 53668
48356 53709 53712
48356 53716 53717 53720 53727
48356 53716 53769 53810 53816
48356 53716 53838 53841 53843
48356 53716 53890 53892 53900
48356 53936 53941
125461 125462 125463 125467 125468
125461 125666 125667 125679 125684
125461 125666 125704 125711 125714
125461 125666 125790
125461 125861 126030 126031 126043
125461 125861 126118 126119 126125
125461 125861 126118 126119 126216
125461 125861 126118 126636 126914
125461 125861 127568 127570 127571
125461 125861 127672 127673
125461 127798 127829 127848 127851
125461 128123 128143 128187 128196
125461 128123 128143 128187 128211
125461 128123 128225 128234 128237
125461 128123 128341 128364 128366
125461 128123 128341 128369
125461 128123 128371 128446 128447
125461 128582 128585 128587 128588
125461 128582 128585 128599 128601
125461 128582 128606 128614 128624
125461 128582 128606 128614 128633
125461 128582 128733
125461 128582 128767 128782 128784
125461 128582 128828 128829 128830
125461 128582 128855 128856 128860
125461 128582 128855 128887 128891
125461 128908 128935 128944 128946
125461 128982 128998 128999
125461 128982 128998 129000
125461 128982 128998 129020
125461 128982 129025
125461 129035 129116 129117 129118
125461 129035 129242 129257
125461 129035 129263 129265
125461 129035 129468 129484 129489
125461 129035 129521 129528 129529
125461 129857 129859 129861 129863
125461 129890 129891 129892 129901
125461 129890 129975 130135 130141
125461 129890 129975 130166 130168
125461 129890 129975 130166 130177
125461 129890 129975 130166 130211
125461 129890 129975 130255 130263
125461 129890 129975 130255 130340
125461 129890 129975 130374 130375
125461 129890 129975 130374 130395
125461 129890 129975 130374 130405
125461 129890 129975 130374 130413
125461 129890 130454 130460 130467
125461 129890 130489 130490 130492
125461 129890 130545 130546 130558
125461 129890 130545 130640
125461 129890 130545 130652 130653
125461 129890 130772 130779 130790
125461 129890 130772 130779 130797
125461 129890 130821 130836 130838
125461 129890 130821 130876
125461 129890 130821 130878 130879
125461 129890 130821 130878 130941
125461 129890 130821 130878 130994
125461 129890 130821 130878 131185
125461 129890 130821 130878 131229
125461 129890 131318 131319 131322
125461 129890 131318 131390 131391
125461 129890 131425 131498 131502
125461 129890 131425 131533 131536
125461 129890 131425 131580 131586
125461 129890 131425 131611 131616
125461 129890 131638 131639 131648
125461 131675 131679 131691 131715
125461 131675 131811 131814
125461 131675 131858 131860 131861
125461 131675 131858 131892 131894
125461 131675 131942 131950 131952
125461 131675 131942 131971 131972
125461 131675 131942 131991 132001
125461 131675 132063 132064 132067
125461 131675 132091 132105 132106
125461 131675 132176 132177 132178
125461 131675 132206 132227 132238
125461 131675 132206 132270 132281
125461 131675 132324 132327 132335
132411 132456 133142 133145 133149
132411 133181 133822 133823 133838
132411 133181 133822 133823 134134
132411 133181 133822 133823 134137
132411 133181 133822 134176 134178
132411 134258 134274 134277
132411 134429 134434 134451 134452
132411 134429 134434 134451 134460
132411 134517 134525 134531 134539
132411 134517 134613 134622 134628
132411 134517 134613 134633 134640
132411 134517 134772 134773 134778
132411 134517 134772 134792 134806
132411 134880 134881 134896 134900
132411 134880 134936 134954 134956
132411 134880 134936 134964 134967
132411 134880 134936 135104 135106
132411 134880 134936 135177 135179
132411 134880 134936 135232 135234
132411 134880 134936 135324 135325
132411 134880 135399 135402 135404
132411 134880 135492
132411 134880 135576 135587 135590
132411 134880 135648 135651 135653
132411 134880 135656 135673 135676
132411 135938 135946 135972 135973
132411 136038 136039 136045 136049
132411 136038 136039 136045 136061
132411 136038 136039 136465 136529
132411 136038 136804 136814 136820
132411 136038 136804 136814 136848
132411 136899 136957
132411 136899 136958 136968 136971
132411 136899 136958 136986 136991
132411 136899 136958 136998 136999
132411 136899 136958 136998 137011
132411 137143 137144 137145 137154
132411 137251 137254 137280 137283
132411 137251 137323 137351 137467
132411 137251 137323 137772
132411 137881 137915 137918 137925
132411 137881 138288 138295 138302
132411 137881 138346 138347 138349
132411 138371 138373 138385 138386
132411 138371 138373 138385 138418
132411 138371 138373 138450
132411 138371 138373 138456 138474
132411 138371 138373 138511 138522
132411 138371 138373 138511 138584
132411 138371 138373 138646 138662
132411 138937 138939
132411 138990 138992 139000 139002
132411 138990 139050 139051 139095
132411 138990 139123 139151 139153
132411 139311 139312 139345
132411 139418 139465 139488 139591
132411 139418 139747 139779 139780
132411 139418 139747 139779 140047
132411 139418 139747 139779 140184
132411 139418 139747 140289 140290
132411 140380 140382 140385 140388
132411 140380 140382 140413 140414
132411 140950 140951 140966 140985
132411 141124 141125 141164 141171
132411 141124 141227 141228 141237
132411 141124 141227 141267 141270
132411 141124 141324 141334 141363
132411 141124 141324 141401 141407
132411 141124 141324 141412 141414
132411 141483 141493 141500 141501
132411 141483 141493 141552 141554
132411 141483 141493 141570 141575
132411 141483 141493 141610 141616
132411 141483 141493 141661 141662
1 2 3 20 141923
1 22166 22212 22222 142039
1 22166 22231 22232 142044
1 22166 22363 142045
1 22166 22246 22328 142052
1 17606 17669 17673 142090
1 17606 17685 17692 142098
1 3202 3218 142120
1 18983 18991 18992 142169
1 3261 5690 6312 142413
1 3261 3262 142537
1 20419 20457 20500 142822
1 1485 1487 142979
1 2257 2519 2524 143009
1 1908 1909 143088
1 1908 2170 143090
1 6394 6433 6434 143298
1 6394 6436 143299
1 11131 11155 143563
1 11131 15778 144120
1 11131 15293 15426 144153
29435 32835 33556 144267
29435 32835 33556 33582 144269
29435 32835 33179 144316
29435 32835 32935 144338
29435 32835 32938 32939 144342
29435 32835 32955 144368
29435 32835 32838 144383
29435 32835 32838 32852 144384
29435 32835 32838 32874 144386
29435 32835 32838 32876 144387
29435 32835 33233 144459
29435 32835 33875 33882 144467
29435 32835 34556 34580 144485
29435 32835 33398 33463 144524
29435 32835 33398 33496 144546
29435 32835 32893 32920 144674
29435 32664 32687 144697
29435 29459 29538 144726
29435 30104 30105 144741
29435 29855 29909 144754
29435 29855 29882 144758
29435 30518 30520 144776
29435 30272 30410 144858
29435 30272 30346 144865
29435 30272 30346 30373 144867
29435 30272 30398 144891
29435 30531 31114 31192 144935
29435 29645 29647 29655 145045
29435 31437 31443 145111
29435 34790 35150 35160 145135
29435 30195 30202 30211 145206
29435 30195 30214 30221 145211
29435 31477 32645 145424
48356 48533 52754 52761 145537
48356 48533 53171 53187 146328
48356 48533 53171 53178 146336
48356 53549 53684 146341
48356 53549 53562 53591 146368
40910 41032 41042 41049 159907
40910 41032 41042 41055 159908
40910 41027 41030 159919
22639 27648 27664 159942
22639 27648 27670 159946
22639 27648 27678 159948
22639 27648 27678 27682 159949
22639 28938 29320 29348 160005
22639 28938 28941 29071 160023
22639 28938 29133 160037
22639 28938 29133 29134 160038
22639 28938 29139 29162 160047
22639 27413 27416 160078
22639 27926 27959 160083
22639 27752 27841 160096
22639 27752 27895 160099
22639 27752 27753 27778 160102
22639 27752 27857 27861 160115
22639 27752 27828 160116
22639 24348 24366 160134
22639 24348 24370 160136
22639 24348 24370 24371 160137
22639 24348 24349 160162
22639 26909 27200 160166
22639 26909 27200 27267 160167
22639 26909 27200 27276 160169
22639 26909 27200 27278 160170
22639 26909 27200 27280 160171
22639 26909 27200 27242 160179
22639 26909 27112 27177 160187
22639 26909 27112 27113 160188
22639 26909 27112 27121 160195
22639 26909 27089 27105 160217
22639 26909 27089 27094 160219
22639 26909 27027 27028 160226
22639 26909 27358 27377 160258
22639 26909 27358 27379 160259
22639 24484 24488 24495 160268
22639 24484 24674 24849 160327
22639 24484 24563 24635 160363
22639 24484 24563 24637 160364
22639 25646 25672 160383
22639 25646 25653 160384
22639 25646 25662 25665 160386
22639 25646 25662 25663 160389
22639 23864 23936 23960 160405
22639 23864 24227 160406
22639 23864 24227 24241 160408
22639 23864 23986 23987 160421
22639 23864 23986 23997 160423
22639 23864 23899 23904 160434
22639 25409 25413 160458
22639 23237 23406 23411 160482
22639 23237 23385 23386 160539
22639 23237 23323 160544
22639 23237 23323 23376 160550
22639 25677 25763 160565
22639 25677 25686 25698 160580
22639 25677 25686 25688 160582
22639 25677 25786 25787 160587
22639 25677 25710 25754 160595
22639 28342 28346 28349 160601
22639 25832 26413 160605
22639 25832 26421 26457 160611
22639 25832 26058 26060 160615
22639 25832 26058 26063 160616
22639 27493 27553 160670
22639 27493 27555 27558 160672
22639 27493 27562 160673
22639 27493 27503 27511 160699
22639 26464 26552 26562 160716
22639 26464 26465 160722
22639 26464 26616 160736
22639 23780 23781 160797
22639 23780 23797 23815 160803
22639 25064 25065 160852
22639 28015 28138 28139 160945
22639 28015 28138 28180 160952
22639 25457 25586 25587 160970
22639 25457 25493 160982
22639 25457 25505 25510 160987
22639 25457 25635 160988
22639 25457 25640 160989
22639 25457 25578 161003
22639 25457 25467 25490 161012
22639 22772 22807 161019
22639 22772 22807 22818 161020
22639 27901 27920 161117
22639 26622 26656 161118
22639 26622 26674 26725 161145
22639 26622 26644 161151
22639 26622 26644 26646 161152
39348 39617 39682 161158
39348 39617 39959 161164
39348 39617 39959 39970 161166
39348 39617 39996 40007 161205
39348 39617 39996 40017 161207
39348 39617 39996 40042 161215
39348 39617 39743 161224
39348 39617 39620 161227
39348 39617 40158 40159 161282
39348 39617 39654 39658 161286
39348 40354 40355 40387 161299
39348 40354 40389 40393 161313
39348 40354 40458 161317
39348 40354 40515 40555 161328
39348 39351 39528 161402
39348 40821 161413
125461 129035 129297 129299 161496
125461 129035 129453 129463 161515
125461 129035 129468 161527
125461 129035 129242 161547
125461 129035 129506 161574
125461 129035 129521 129546 161593
125461 128908 128910 161614
125461 129580 129676 162029
125461 129580 129593 162051
125461 128565 162073
125461 128582 128855 128905 162120
125461 129890 131425 131477 162416
125461 128982 129027 162536
125461 128982 128987 162540
125461 131675 131858 131917 162555
125461 131675 131767 162576
125461 131675 132161 162592
132411 133181 133194 133202 163338
132411 138371 138373 138507 163409
132411 134880 134936 135224 163524
132411 134880 135512 135573 163564
132411 134517 134586 163778
132411 141120 163801
35195 35466 35597 163843
35195 35466 35663 163865
35195 36129 36158 163955
35195 39207 39208 164087
35195 39220 39270 164111
35195 36046 36063 36064 164130
35195 38997 39159 164143
35195 37336 37819 164248
35195 37978 38216 164261
35195 37978 37994 164262
35195 37978 37994 37995 164263
35195 37978 38222 38224 164270
35195 37978 38232 38234 164272
35195 37978 38026 38029 164288
35195 37978 38026 38206 164317
35195 35196 35200 35353 164459
41212 45184 45185 164471
41212 47882 47918 164852
41212 42279 42361 164884
41212 43692 43786 164935
41212 43692 43706 43709 164947
41212 43692 43738 164956
41212 41272 41279 165096
41212 44101 44198 165099
41212 44249 45154 45173 165387
41212 47978 47984 165399
41212 47978 48273 165400
41212 47978 48053 48068 165434
41212 47016 47017 47135 165475
41212 42870 43049 165518
